146,5
146,4
146,3
146,2
146,1
146,0
145,4
145,3
145,2
145,1
145,0
144,3
144,2
144,1
144,0
143,5
143,4
143,3
143,2
143,1
143,0
0,447
142,5
142,4
142,3
142,2
142,1
142,0
141,4
141,3
141,2
141,1
141,0
140,5
140,4
140,3
140,2
140,1
140,0
139,4
139,3
139,2
139,1
139,0
138,5
138,4
138,3
138,2
138,1
138,0
137,4
137,3
137,2
137,1
137,0
136,6
136,5
136,4
136,3
136,2
136,1
136,0
0,446
135,5
135,4
135,3
135,2
135,1
135,0
134,4
134,3
134,2
134,1
134,0
133,7
133,6
133,5
133,4
133,3
133,2
133,1
133,0
132,6
132,5
132,4
132,3
132,2
132,1
132,0
131,5
131,4
131,3
131,2
131,1
131,0
130,4
130,3
130,2
130,1
130,0
129,4
129,3
129,2
129,1
129,0
128,3
128,2
128,1
128,0
127,4
127,3
127,2
127,1
127,0
126,3
126,2
126,1
126,0
125,3
125,2
125,1
125,0
124,3
124,2
124,1
124,0
123,3
123,2
123,1
123,0
122,3
122,2
122,1
122,0
121,3
121,2
121,1
121,0
120,3
120,2
120,1
120,0
119,3
119,2
119,1
119,0
0,445
118,5
118,4
118,3
118,2
118,1
118,0
0,444
117,5
117,4
117,3
117,2
117,1
117,0
116,5
116,4
116,3
116,2
116,1
116,0
115,5
115,4
115,3
115,2
115,1
115,0
114,5
114,4
114,3
114,2
114,1
114,0
113,5
113,4
113,3
113,2
113,1
113,0
0,443
112,5
112,4
112,3
112,2
0,442
112,1
112,0
111,5
111,4
111,3
111,2
111,1
111,0
110,5
110,4
110,3
110,2
110,1
110,0
0,441
109,5
109,4
109,3
109,2
109,1
109,0
108,5
108,4
108,3
108,2
108,1
108,0
0,440
107,5
107,4
107,3
107,2
107,1
107,0
106,5
106,4
106,3
106,2
106,1
106,0
105,5
105,4
105,3
105,2
105,1
105,0
104,5
104,4
104,3
104,2
104,1
104,0
103,5
103,4
103,3
103,2
103,1
103,0
102,5
102,4
102,3
102,2
102,1
102,0
101,5
101,4
101,3
101,2
101,1
101,0
100,5
100,4
100,3
100,2
100,1
100,0
99,5
99,4
99,3
99,2
99,1
99,0
98,5
98,4
98,3
98,2
98,1
98,0
97,5
97,4
97,3
97,2
97,1
97,0
96,5
96,4
96,3
96,2
96,1
96,0
95,5
95,4
95,3
95,2
95,1
95,0
94,5
94,4
94,3
94,2
94,1
94,0
93,5
93,4
93,3
93,2
93,1
93,0
0,439
92,5
92,4
92,3
92,2
92,1
92,0
91,5
91,4
91,3
91,2
91,1
91,0
90,5
90,4
90,3
90,2
90,1
90,0
89,5
89,4
89,3
89,2
89,1
89,0
88,5
88,4
88,3
88,2
88,1
88,0
87,5
87,4
87,3
87,2
87,1
87,0
86,5
86,4
86,3
86,2
86,1
86,0
85,5
85,4
85,3
85,2
85,1
85,0
84,5
84,4
84,3
84,2
84,1
84,0
83,5
83,4
83,3
83,2
83,1
83,0
82,5
82,4
82,3
82,2
82,1
82,0
81,5
81,4
81,3
81,2
81,1
81,0
80,5
80,4
80,3
80,2
80,1
80,0
79,5
79,4
79,3
79,2
79,1
79,0
78,5
78,4
78,3
78,2
78,1
78,0
0,438
77,5
77,4
77,3
77,2
77,1
77,0
76,5
76,4
76,3
76,2
76,1
76,0
75,5
75,4
75,3
75,2
75,1
75,0
74,5
74,4
74,3
74,2
74,1
74,0
73,5
73,4
73,3
73,2
73,1
73,0
72,5
72,4
72,3
72,2
72,1
72,0
71,5
71,4
71,3
71,2
71,1
71,0
70,5
70,4
70,3
70,2
70,1
70,0
69,5
69,4
69,3
69,2
69,1
69,0
68,5
68,4
68,3
68,2
68,1
68,0
67,5
67,4
67,3
67,2
67,1
67,0
66,5
66,4
66,3
66,2
66,1
66,0
65,5
65,4
65,3
65,2
65,1
65,0
64,5
64,4
64,3
64,2
64,1
64,0
63,5
63,4
63,3
63,2
63,1
63,0
62,5
62,4
62,3
62,2
62,1
62,0
61,5
61,4
61,3
61,2
61,1
61,0
60,5
60,4
60,3
60,2
60,1
60,0
59,5
59,4
59,3
59,2
59,1
59,0
58,5
58,4
58,3
58,2
58,1
58,0
57,5
57,4
57,3
57,2
57,1
57,0
56,5
56,4
56,3
56,2
56,1
56,0
55,5
55,4
55,3
55,2
55,1
55,0
54,5
54,4
54,3
54,2
54,1
54,0
53,5
53,4
53,3
53,2
53,1
53,0
52,5
52,4
52,3
52,2
52,1
52,0
51,5
51,4
51,3
51,2
51,1
51,0
50,5
50,4
50,3
50,2
50,1
50,0
49,5
49,4
49,3
49,2
49,1
49,0
48,5
48,4
48,3
48,2
48,1
48,0
47,5
47,4
47,3
47,2
47,1
47,0
46,5
46,4
46,3
46,2
46,1
46,0
45,5
45,4
45,3
45,2
45,1
45,0
44,5
44,4
44,3
44,2
44,1
44,0
43,5
43,4
43,3
43,2
43,1
43,0
42,5
42,4
42,3
42,2
42,1
42,0
41,5
41,4
41,3
41,2
41,1
41,0
40,5
40,4
40,3
40,2
40,1
40,0
39,5
39,4
39,3
39,2
39,1
39,0
38,5
38,4
38,3
38,2
38,1
38,0
37,5
37,4
37,3
37,2
37,1
37,0
36,5
36,4
36,3
36,2
36,1
36,0
35,5
35,4
35,3
35,2
35,1
35,0
34,5
34,4
34,3
34,2
34,1
34,0
33,5
33,4
33,3
33,2
33,1
33,0
32,5
32,4
32,3
32,2
32,1
32,0
31,5
31,4
31,3
31,2
31,1
31,0
4,3
4,2
4,1
4,0
3,6
3,5
3,4
3,3
3,2
3,1
3,0
2,2
2,1
2,0
1,2
1,1
1,0
29,5
29,4
29,3
29,2
29,1
29,0
28,5
28,4
28,3
28,2
28,1
28,0
26,5
26,4
26,3
26,2
26,1
26,0
24,5
24,4
24,3
24,2
24,1
24,0
22,6
22,5
22,4
22,3
22,2
22,1
22,0
19,7
19,6
19,5
19,4
19,3
19,2
19,1
19,0
15,4
15,3
15,2
15,1
15,0
14,3
14,2
14,1
14,0
8,3
8,2
8,1
8,0
5,3
5,2
5,1
5,0
2,3
1,3
0,408
0,322
0,310
0,308
0,307
0,305
0,304
0,303
0,302
0,243
0,12
0,10
0,9
0,8
0,0
0,1
0,418
0,300
0,419
0,299
0,417
0,298
0,297
0,415
0,296
0,414
0,295
0,413
0,294
0,412
0,293
0,437
0,292
0,411
0,291
0,410
0,290
0,409
0,289
0,436
0,288
0,406
0,287
0,405
0,286
0,407
0,285
0,404
0,284
0,403
0,283
0,402
0,282
0,401
0,281
0,400
0,280
0,279
0,435
0,278
0,398
0,277
0,397
0,276
0,396
0,275
0,434
0,274
0,394
0,273
0,393
0,272
0,395
0,271
0,392
0,270
0,269
0,390
0,268
0,389
0,267
0,266
0,387
0,265
0,433
0,264
0,386
0,263
0,385
0,262
0,384
0,261
0,432
0,260
0,382
0,259
0,381
0,258
0,257
0,380
0,256
0,255
0,378
0,254
0,377
0,253
0,376
0,252
0,251
0,431
0,250
0,374
0,249
0,373
0,248
0,372
0,247
0,430
0,246
0,370
0,245
0,244
0,371
0,242
0,241
0,367
0,240
0,366
0,239
0,365
0,238
0,364
0,237
0,363
0,236
0,429
0,235
0,362
0,234
0,361
0,233
0,360
0,232
0,428
0,231
0,358
0,230
0,357
0,229
0,228
0,356
0,227
0,355
0,226
0,354
0,225
0,224
0,352
0,223
0,222
0,427
0,221
0,220
0,349
0,219
0,348
0,218
0,426
0,217
0,347
0,216
0,215
0,345
0,214
0,344
0,213
0,212
0,342
0,211
0,341
0,210
0,209
0,339
0,208
0,338
0,207
0,337
0,206
0,336
0,205
0,335
0,204
0,334
0,203
0,333
0,202
0,332
0,201
0,331
0,200
0,330
0,199
0,329
0,198
0,328
0,197
0,327
0,196
0,326
0,195
0,325
0,194
0,324
0,193
0,323
0,192
0,321
0,63
0,320
0,62
0,61
0,318
0,60
0,317
0,59
0,424
0,58
0,423
0,57
0,425
0,56
0,422
0,55
0,54
0,420
0,53
0,316
0,52
0,315
0,51
0,314
0,50
0,313
0,49
0,312
0,48
0,311
0,47
0,46
0,306
0,45
0,301
0,6
0,5
0,11
0,4
0,2
0,3
0,7
